0 1 2 3 4
5 6 7 8
9 10 11 12
13 14 15 16 17 18
19 20 21
11 22 23 15
24 25 26 27
9 10 22 28 29
30 31 32 33 34 35
36 37 38 39 40
8 41 42 43 44 43
45 46 47 48
49 50 51 52
7 53 54
55 26 27 56
57 32 49 52
58 59 60 37 61 62
63 64 65 66
9 10 34 67 4 68 69
70 71 72 10
9 10 73 74 75
9 10 12 76 77
78 13 14 79 33 22
80 81
10 82 83
84 10 13 85
86 87 9 10 88
24 11 12 52 89
73 12 90 74 91
92 9 10 93
94 2 31 95 96 97
2 31 98 99
100 101 73 72
39 51 102 103 104
105 64 106 107
108 109
36 110 51
111 112 101
113 114 115 116
38 101 51
117 118 119 120 121
58 122 60 123 98
9 10 54 124 93
125 126 127
9 10 22
9 10 11 12 93
128 129 130 131 132
89 76 67 133 134 5
135 24 136 20 74
9 10 10
95 137 117
56 116 134 26 115 16 131
138 139 140 141 142
104 143
9 10 54 144 145
146 147 13
8 138 33 148
149 13 22 150 151
9 10 152 68
92 12 153 73 68
138 78 154 155 51
118 99 156 16
9 10 32 4
9 10 11 12 54 129
157 158 159
22 17 160 46
161 162 163
13 14 164 165 118
128 11 12 66 166
9 10 167
168 169
9 10 170 171
172 46 173
130 25 5 14
58 12 174
9 10 175 176 32
2 177 121
38 178 129
156 2
104 19 179 21 180
181 19 51 182
183 184 9 10 75
128 185 184
58 122 60 37 186 98
9 10 145 32 11 187
9 10 152 153 54 171
188 189 190 38 191
54 92 12 130 192
8 39 78 13 193
194 2 136 88 71
145 32 68 9 10
78 13 14 79 69
89 13 14 101 152
13 14 9 10 195
9 10 11 187 196 68
197 198 156
188 189 190 199 91
39 200 15 200
181 201 202 203 69
204 205 39 120 146 87
172 122 34 35
27 163 22 33 27
112 60 98 206 207
9 10 208 209 73 29
210 211 212
142 98 39 51
64 38 132 213
41 51 214
206 39 15
196
94 2 31 95 96 215 97
216 104 120 213
217 185 33 218 217
218 219 189
9 10 4 220 81 221 222 170 52 208
194 179 51 223 223
51 102 73 135 224
225 98 13 65 117
101 226 227 71 228 229 33
9 10
36 180 144 230
30 31 32 79 34 35
80 231 187
232 202 233 98 13
86 73 213 234 9 10
235 196 236
81 237 238 0 239
66 166 240 241 98
9 10 11 12 25
242 116
243 112
65 68 244
174 53 93
104 245 246
12 247 188
81 248 166
202 203 14 249
250 112 20 189 251
172 39 85 129
45 46 47 48 252
194 13 5 65
36 37
253 46 47 172 48
51 30 51
202 203 69 13
56 98 131 254 255
233 131 46
128 256
67 12 9 10 257
258 259 131 2 31
130 260 261
156 102 262 79 2
128 263 185 176 217
200 82 10
2 136 37 264 265
153 266 34 73 4
267 268 67 107
269 98 115
54 92 105 153 29 73 4
36 65 270 271 242
98 272 31 273 21
274 275 175 276
277 134 278 98
279 146 280 281 98 115
218 282 283 284 284
109 285 286 287 142
108 288 175 285 286
109 289 290 175 291 247
292 248
293 294
295 296 98 146 2
297 298 299 300 301 302
175 303 304
305
306 307
175 308 298 292
175 309 310
279 311 221 98 312
313 314
315 316
317 134
318 175 319 293 320
321 285 322 323 324 325
326 319 327
328 276 329 139
274 330 331
250 263 332 333 334
335 263 336
269 288 337
175 247
338 339 340 13 341 342 139
343 344 345 33
250 346 347
274
348 311 292 175
349 98 350 351 161
346 241 274 352 353
354 175 355 356
354 175 357 315 287
285
358 359 360 361 205
39 147 287 362 359
276 175 284
109 336
41 363 0 364
341 283 365
366 367 313 30
338 339 368 341
175
41 274 369 370
146 371
98 372 373 367 374
375
376 200 351 292
250 320 298 293
373 98 147
274 175 313 329 316 377
378 379
358
8 296 380 381 35
250
62 309 382
175 348 97
288 383 358 384 385
288 330 175 344
98 386 387 388 358
278 353 175 389 82
390 175 329 353
391
354 392 202 393 175
22 394 98 395 396 284
250 274 143 397 379 324
391 375
8 13 398 342 363 361 213
399 341 361
378 329 316 351 325
196 400 401 313 400
402 403 309 402
404 42 285 324 341 287 359 346
405 406 407 408 409 407 325
109 248 410 411
403 409 265 412 413
322 414 415 322 342
376 175 0 307 115
293 380 6 283
109 175 416 417
354 287 362 251
2 175 291 292 127
379 357 247 418 419
288 336 285 420 421 298
422 288 175 423 389
110 175 291 292
336 175 293
288 424 347 425
426 202 172 249 82
274 427 428 429 430 431
391 287 362 381
432 298
338 339 433
434 435 436
338 339 35 380 283
322 275 437
250 438 439 412 317
405 440 407 400 325
339 349 441
299 322 287 388 293
6 442 283
322 414 415 30 305
109 289 309 429
443 175 313
41 322 399 336 285
209 198 75 410 175
288 294 444 445
443 109 248 446 350
109 447 177 448
62 23 449 450
288 311 329 291 127
451 452 453
454 455 44 203 456
457 98 395 48
205 175 393 155 313
288 381 170 458
287 342 362
269 459 460 390 197
338 339 8 13 461 414 397 379 4
126 8 146
109 424 236
462 2 410
463
358 464 329 33 353
311 175 292 400
98 465 193
466 263 418
269 325 334 440
403 298
322 415 467 158 228 468
274 338 339 333 469 470 42 341
274 454 333 469 440 278 175 206 202 356
296 438
471 2 167
167 418 313 341 472
299 322 473 83 474
289 175 357 446 475
288 286 467 476
338 339 8 13 398
477 473 275 276
478 161 44 203 479
315 175 291 455 357
326 99 480 481 401
322 482 287 362 42 342
109 100 416
62 483 23 389 450 475 484
485 486 175 444
398 42 487 488 98
98 395 159 429 284 285
98 33 143 469 61
288 378 298 383 459
288 410
288 347 489 490 491 492
435 175 346 291 77
8 13 351 493 398
338 339 298 418
322 414 329 474
322 341 415 437
322 414 415 344
322 414 415 142 155
322 415 467 228 468
358 359 274 360 313 381 361
37 354 287 142 363
322 414 415 494 363 361
326 297 298 299 300 301 302
299 322 437 142
175 313 317 495
405 496 407 400 325
175 313 314
8 13 398 341 213
274 338 339 35 341 399 497
299 322 322 274
274 175 206 202 393 356
270 276 175 348 285 282
274 454 333 496 440 278 175 206 202 356
299 322 388
322 437 362 468
367 442 498 30
338 339 8 13 499 341 213
322 329 139 413 353
41 320 298 293
322 414 415 342 494
322 414 415 361 494 388
322 414 415 361 494
322 414 415 358 500 359
322 414 415 437 501 358
322 414 415 329 502 175 474
356 175 392 202 393
8 98 398 13 341 318
274 397 341 4
503 416 464 458 35
338 339 8 13 322
288 503 416 464 458
175 346 292
288 109 504 505
500 145 143 286
285 40 274 373 146
286 109 154 503 506
274 109 289 175 177
507 149 197 13 193
357 169 378 477 508
418 509 33
510 501 474
299 322 414 358 511 359
347 467 286 508
274 385 290
292 291 364 512
109 44 508
513 13 285 324 414
109 330 514
486 383 287 362 515
376 109 248 449 516
517 518 175 140 284 508
274 519 38 395 396 183
383 466 219 263 520
298 98 433
175 285 512 284
288 122 109 193 521
522 13 298 341 242
315 375 390
467 175 523 412
109 291 308 287 362 334
322 524 336 476 165
311 400 525 401 526
274 358 344
241 326 139 139
269 496 335 509
269 109 175
486 527 292 175 403 508 291
13 297 414 242
376 451 161 203
338 339 522 13 298 341 242
449 528 4 529 530
2 354 311
531 308 380
156 404 247 348 477
318 532 98 503
288 282 171 533 44
250 98 293 298 387
534 469 140 424 416 408
535 23 536 335 475
343 144 537 538 437
338 339 147 42 414
62 539 540 310 265 484
336 541 542 543 165 409
38 518 159 288 544 291
274 545 342
288 537 477 510 546 344
311 400 201 2 311 547
122 298 485 336 298 548
62 388 360
549 339 149 338 339 550
2 551 353 345 546 433
545 8 13 414 552 553
299 322 414 344 251 477 538
338 339 554 461 496
8 297 347 398 555
467 551 347 520 217 154
467 500 302 508 286
269 126 537 556 459 158
288 542 520 528 4
274 518 41 557 33 380 558
358 360 329 359
343 559 276 473 474
398 482 361
467 551 384 560 561 467
41 298 98 283
2 562 563 522 180
564 225 565 566 567
568 569 8 570 78 571
21 426 572 573
574 575 576 516
513 577 578 579
580 581 582 583 188
584 21 585
145 586 587 588
106 589 590 591 592
593 21 594 404 572
2 595 522 267 596
597 598 599 100 132 536
453 420 600 601 602 603
566 604 605 154 462
606 188 607 589 608 609 610 611
409 444 612 613
8 614 615 616 535 179
106 585 617 618 619
620 621 622 352 623
2 595 522 267 180
624 625 626 627 180
628 347 629 585
21 630 566 567
488 563 350 111
274 625 631 632 633
445 634
568 21 635 636 522 637 638
600 590 444
614 588 639 2 111 563
623 599 566 413 640
2 641 99 642
597 598 599
21 643 644 645 94 579
502 562 646 647 648 612 649
188 248 422 444 650 369
8 541 538 623 179
621 651 652 147 653
625 654 641 655 656
568 571 585 78 657
658 451 434
659 409 660 661
106 585 385 612 176
21 662 237 663 514 628
355 111 664 589
21 662 665 663 34
625 654 666 301
8 2 595 522 267 596
566 567 667
589 668 111 669
8 568 21 635 636 23 180
564 225 21 630 566
517 570 461 456 571 191 193
670 671 672 588 673
490 502 562 647 648 585 612 674
122 675 676
513 623 444 677 678
679 680 589 681
614 615 616 535 179
21 635 636 78 550 663
682 625 683 684 521
376 522 589 602 590
225 444 585 685 602 686
21 662 109 678 687
225 21 570 628 688
689 690 691 589 674
625 623 692
428 106 124 680
422 693 641 694 695
8 570 78 571
2 499 111 672 583 382
570 628 696 621
697 535 111 384 698
392 262 572 148
585 281 699 700 591
593 623 598 192
593 701 444 566 567
21 541 538 179 87
21 620 274 583
398 173 549 702
623 566 644 157 590
21 675 188 703
670 189 190 589 704
8 614 615 705 623 616 535 179
659 572 706 665
513 707 511 585
326 708 709 470 2 223
710 633 711
614 258 693 563 221
8 712 570 456 41
713 566 714 686 444 660 715
185 593 716 567 717 228
21 584 572 621 718
719 444 708 580
720 111 672 721
722 723 442 602 590
8 21 568 635 636
724 106 719 725 598 726
2 387 209 572 453
612 589 700 591 592
413 444 589 132 727
274 672 636 632 633
21 513 677 685 728
277 21 582 565 220 579 729
225 444 625 685 602
730 659 513 644 645 731
585 612 132
8 697 535 111 522 732 384 733 698
589 628 643 734 735
564 21 736 628 385
175 2 387 209 572
8 2 737 304 563 738
739 740 741 642
742 377 588 472
620 621 622 743 352 623
233 672 744 625 13 672
606 81 589 668
597 683 427 585 745 746
683 427 585 612 613 613
747 648 748 589 608 613
444 239 749 453
750 626 517 570 461 571
597 588 650 580 673
38 2 488 563 445 603
2 570 3 491 698
8 2 625 59 41
106 21 691 589 674
740 751 752
38 488 753 563 628
21 662 689 642 739 566 741
606 740 694 754 185 755
21 513 756 426 135
675 683 257 707 598
572 122 757 652 4
658 451 126 570 613 106
742 589 590 755 758 715
585 689 305 413 444
708 759 481 760
600 111 372 580 603
21 124 680 643 90 761
21 211 740 672 762
2 672 763 618
589 590 764 765 628
225 21 585 660 766
767 126 383 589 661
589 611 327 768 769
47 281 714 572 109 210
662 21 770 237 746 613
8 568 21 635 636
486 490 589 674
21 204 536 97 708
513 644 758
21 715 739 566 755
21 522 771 582 565 220 579 729
8 2 595 522 596
747 598 772
21 739 643 741 773
665 563 588 555
522 774 775 392 577 621
614 258 38 111 488 632 247
776 157 611 777 778 779
640 780 604 505 781
670 570 612 176 355
782 513 644 97
623 643 644 113 783
188 248 586 734 620
623 413 572 621 743
750 626 513 21 585 644 749
664 784 476 785 188
5 514 625 786
21 385 787 736 567
724 662 169
593 21 630 566 757
606 486 422 589 219
444 585 685 602 686
593 21 585 644 749
267 281 512 629 643 281
502 562 646 788 585 613
623 570 709 714 778 209 789
204 585 321 159 585 621
623 413 572 790 621 622
787 220 579 729
2 570 628 700 791
572 782 585 792 793 214
794 303 740 694 672
795 2 588 491 441 638
239 759 748 796 740 598 797
585 559 798 357 466 570 628
349 634 589 567
209 444 589 157 133 590
799 111 466 382 94
800 527 568 801
522 802 578 651
21 513 572 775
803 773 739 740 741
804 805 513 776 778 779
466 781 585 613 769
444 566 281 714 590
589 777 444 410 806
225 21 585 281 590
807 444
522 774 651 147 742
780 589 611 628 808 191
598 599 809 810 707 811
682 715 625 812 755
589 725 126 782 621 661
597 813 588 650 580 673
693 505 97 814
597 758 683 427 589 612
683 815 623 561 684 751
106 599 598 481 816 760
106 505 817 551 818 598
2 266 232 202
589 668 819 817 360
675 572 567 618
568 750 626 396 38
623 404 790 621 743
606 88 820
720 672 274 583 821
522 774 775 147 742
683 427 544 822 625 759
623 570 709 714 781 209 789
21 585 604 154 426
589 686 683 427 822
562 486 613 773
502 106 585 612 534
517 570 461 571 191 193
589 611 628 808
427 684 823
623 404 572 790 621 743
597 211 625 763 255
600 824 768 762 307 603
126 219 708 825 723
21 629 426 572 573
466 21 570 628 591 826 593 827 738
21 513 577 756
513 720 274 632 633
659 828 2 585 7 455
597 598 812 566 829
541 538 623 33 242
21 22 677 644 728
200 574 786 830 585
522 634 774 775
513 724 372 598 740 709 580
831 622 665 628
614 615 705 623 616 535 179
597 740 431 374 504
589 590 278 782 605
564 593 21 708 761
111 828 598 427
8 2 387 209 572
594 584 585
634 188 327 741
21 693 522 832 833
21 635 636 78 550 834
38 612 835 836
2 427 676
804 383 204 623 589 369 660 837
621 652 653
126 589 686 591 251
59 626 623 589 188
502 613 422 562 360
803 598 265 501 765
502 648 570 612 649
513 776 777 86 728
21 838 643 567 716 590
21 589 612 132 169 839 840
21 787 841 708 761 748 281
570 654 641 655 842
225 21 838 566 567
376 314 752 843 145 844
21 845 289 90 833 693
677 604 154 462 789
535 466 255 709 708
225 621 41 147 404
111 708 628 161 78
804 805 106 556 589 385 602 590
846 503 188 847 620
486 589 612 575 410
848 623 849 740 431 646
250 850 628 580 581 779
804 383 513 776 700
659 86 444 113
217 248 614 258 721 625 99
488 753 563 628 239
750 111 851 563 800
21 522 805 413 756
444 566 761
852 562 304 853 638
659 644 645 593 758 706
21 593 111 577 707
606 758 748 754 613
854 35 854 855 856 231
857 67 687 858 231
471 786 859 860 231
861 441 862
682 22 863 426
864 239 511
865 420 866 863 771 862
502 863 786
682 862 867 864 863
863 628 868 869
600 863 862 256
682 862 517 870 863
871 309 872 174 863
172 280 863 873 874
454 875 876 877 198 863
62 863 878 715 879
172 863 880 220 881 146 882
22 863 55 883 574 220
857 824 722 884 863 885 430 886 887
888 327 689 777 863
610 274 863 198
863 206 889 890 574
891 863 892 581 618
857 824 722 884 295 863 885 430 886 887
857 517 683 427 859 574 220 887
859 220 893 894 231 22 683
857 824 895 884 863 885 430 886 887
857 517 884 896 863 574 220 887
859 220 893 894 231 22 863 55
857 824 897 884 863 885 430 886 887
876 898 899 198 274 863
900 39 606 309 172 575 863
108 863 62 863 901 783
172 863 158 628 902 903
857 517 884 904 905 863 745 655 430 886 887
682 906 862 907 884 863
33 863 270 732 890 574
624 866 863 771 880
867 864 863 873 874
867 863 409 833
865 866 863 50 327 880
682 862 867 864 863 340 908
866 863 327
682 631 864 863 862
682 180 864 863 862 631
682 865 420 866 863
909 820 323 910 441 863 280 641 811
62 863 686 911 902
912 606 872 172 863
186 280 913 914 426 863 901 874 915
37 280 913 863 147 901
233 901 916 891 863
274 804 917 704
2 610 274 863 809
849 672 863
918 919 863 306 920 909
274 863 906 281 686
863 862 921 531
922 545 300 2 863
300 899 2 863 744
876 923 899 198 274 863
274 863 281 923 924 686
37 23 862 575 863
517 884 925 863 574 220
517 884 925 863 574
824 926 884 863 885 430 886 887
517 884 925 863 574 220 887
824 927 884 863 885 430 886 887
824 517 884 863 885 887
824 895 884 863 885 430 886 887
824 722 884 928 863 885 887
824 141 884 295 863 885 887
824 141 884 863 885 887
824 722 884 863 885 887
517 884 929 863 574
786 606 150 930 863 581 123
859 220 893 894 231 22 931 932
606 376 933 934 844 186 935 172 37 936 863
900 875 606 628 172 863 281
269 937 938 38 939 261 863
172 219 863 901 123 940
269 233 863 901 713 716 147
238 562 785 617 899 863 613
682 522 941 862 907 863
108 23 280 913 863
37 23 280 913 575 863
679 870 863 942 91 943 833 762 35
517 884 944 863 574
517 884 944 863 574 220
824 141 884 851 863 885 887
945 863 745 655 430 886 887
945 884 863 890 574 655 886 887
517 884 946 863 574
824 517 884 295 863 885 887
824 884 946 863 885 430 886 887
824 927 884 928 863 885 430 886 887
37 280 913 947 745 863 147 901
62 409 575 863 901
172 948 863 901 123 200 940
2 384 862 907 863
683 863 581 558 763
683 581 863
628 531 606 949 899 863
950 951 903 913 863
857 824 895 884 925 863 885 430 886 887
682 857 517 884 925 863 862 646 430 687 887
857 952 517 427 859 574 220 887
857 952 517 427 859 905 574 220 887
859 220 893 894 231 22 863 232 953
37 682 908 954 955 901 94 863 956 516 711 551 940 789
172 427 957 863 901 958 121
376 23 280 863 427 902
108 23 280 959 913 863 901 338 592 960
37 513 961 962 441 863 280 811
963 62 815 121 964
918 606 628 899 172 863
935 906 247 515 913 575 863
527 899 863 957 837 527 899
376 233 863 901 115
39 606 899 965 863 966
37 863 901 610 234
37 863 901 154 955
967 916 713 274 863
683 581 717 863
2 713 274 863 198
682 968 22 863 232
857 517 969 427 859 574 220 887
857 517 969 427 859 905 574 220 887
857 824 897 884 851 863 885 430 886 887
857 945 863 745 655 430 886 887
517 884 944 863 941 762
682 857 862 517 884 929 863 430 687 887
857 945 884 863 890 574 655 886 887
857 517 884 946 863 574 220 887
859 220 893 894 231 22 863 223
274 863 923 281 608
22 863 970 953
461 2 593 198 269 863
863 714 608 711 146 971
859 220 893 894 231 22 863 470
37 863 901 590
269 233 863 901 605
172 863 901 972 711 955
37 23 280 973 913 462 206 863
172 682 609 906 172 62 863 901 610 715
186 923 280 974 913 575 863
186 280 974 913 863 901 123 673
186 280 575 863 874 975
186 280 974 913 914 976 863 901 874 915
37 280 913 863 192 280 913 863
37 913 561 863 147 901 874 975
37 913 914 206 863 147 901 874 915
37 913 914 462 863 147 901 874 915
108 891 863 123 940 940
863 901 758 977 684 978 575 842
37 233 863 901 608 462 940
39 172 863 901 758 123
233 108 62 863 979 123 940
233 37 62 863 979 123 22 940
233 172 62 863 979 123 392 940
219 172 62 863 979 123 462 940
948 172 62 863 979 123 426 940
269 863 281 923 608 891 673 980
269 233 863 901 608 940
443 233 863 901 981 197 688
924 902 673 123 863
108 280 914 426 913 863 369 901
108 280 914 976 913 863 369 901
108 280 914 913 863 369 901
172 280 959 913 863 901 590 673 982
219 172 863 901 123 653 940 955
172 280 959 913 561 863 369 901 611
912 606 172 575 863
172 62 233 863 901 206 940 940
948 172 863 901 123 22 940
219 172 863 901 123 940
269 280 983 575 863 369 901 874
936 984 985 963 727 978 956 815
172 522 986 280 913 987 713 745 863
682 857 862 517 884 944 863 430 687 887
912 606 872 172 575 863
172 863 901 763 807 691 562 712
172 233 863 901 608 200 940
172 62 233 863 901 940
269 863 281 877 608 628 963 636 181
269 721 909 804 820 269 863 909
2 988 989
990 786 859 860 231
991 628 511 992 863
857 824 517 884 863 885 430 886 887
269 12 899 993 198 2 863
37 23 862 913 575 863
269 994 198 2 863
269 937 938 995 899 2 863
924 37 863 280 996 686
269 997 300 238 527 934 2 863 998 548
269 997 238 527 934 2 863 998 548
37 863 280 901 610 611
172 233 863 901 590 33 940
37 923 280 575 863
269 899 993 198 2 863
233 172 863 901 999
948 172 863 901 123 86 940
269 2 93 899 2 863
269 427 899 993 198 2 863
300 995 899 2 863
899 2 863 1000 562
269 937 938 300 995 899 2 863
692 899 2 863 73 752
269 899 994 198 2 863
269 1001 899 515 993 198 2 863
274 1002 863 281 1003 608 575 863 1004
108 280 959 913 575 863 901 592 590
108 280 914 462 913 863 369 901
108 280 914 470 913 863 369 901
108 280 914 328 863 369 901
269 937 211 939 863 862 973 983
233 172 863 901 123 940
948 172 863 901 123 462 940
269 427 863 281 1003
172 513 1005 880 988 913 863
172 606 984 955 863 901 837
900 875 606 172 863
606 225 899 913 863
108 815 804 108 576 881 1006 688
863 901 562 492 108 909
37 682 862 587 913 319 575 863
269 233 863 281 686
861 863 901 1007 516
61 23 280 575 863
39 863 628 264
22 863 970 968 574 220
707 281 699 758 1007
859 220 893 894 231 22 675 932
859 220 893 894 231 22 675 1008
859 220 893 894 231 22 863 970
857 517 884 944 863 574 220 887
857 862 952 517 427 859 430 687 887
857 862 952 517 427 859 905 430 687 887
8 931 859 862 941 191 231 905
8 931 859 862 941 191 231
37 420 600 23 863 603
186 522 961 280 914 426 113 913 863
606 606 899 863 515 178 914 1009
37 898 280 863 975 594 901 172 1010
62 863 578 869 911 902 1011
274 684 921 863 581 873 874
172 891 863 901 123 940
876 877 899 198 274 863
62 921 863 901 146
522 986 967 606 274 863
865 33 967 934 274 863 1012
37 23 280 1013 913 863
219 863 280 901 146 882
274 815 1014 711 789 716
269 427 863 901 923 1015 608
269 914 863 704 916 642
865 3 815 576 154
675 3 498 598 772 707
931 865 862 3 859 228
21 989 330 941 862 993 3
517 1016 672 3 859 574 231
800 862 786 794 527
111 35 897 786 859 860 231
606 875 863 192 874 436 410 758 505 594
899 2 863 1011 727 1017
137 453 870 863 942 965 34
1018 815 842 899 172 863
910 462 863 1019 707 913
918 1020 300 192 899 2 863 1000 548
522 889 967 606 274 863
300 899 2 863 964
274 863 281 898 696
422 1021 870 863 942
682 513 771 880 867 866 863
167 866 863 898 880
1022 280 913 575 863
23 280 913 1002 863
172 863 901 913 716 783
39 606 225 913 863
172 863 901 1023 121
274 863 281 1003 608
172 863 901 146 882
517 884 904 905 863 745 655 887
517 884 904 905 863 890 574 887
722 884 1024 863 745 655 887
722 884 1024 863 890 574 887
824 1025 884 863 885 430 886 887
824 1025 884 295 863 885 430 886 887
824 722 884 295 863 885 887
517 884 896 863 574
824 884 863 885 430 886 887
517 884 896 863 574 220 887
824 897 884 863 885 887
600 327 859 628 863 1026
274 863 906 763 608
682 862 867 866 863
269 233 863 901 778
682 732 862 907 863
876 923 198 274 863
722 884 1024 863 890 574
824 141 884 863 885 430 886 887
1027 884 295 863 827 890 574 231
517 884 896 863 883 574 220
1027 884 295 863 745 655 887
861 22 863 970 953 734 84
876 522 967 606 274 863 804
274 863 898 281 608
682 986 862 907 233 863
2 593 949 903 269 863
606 545 628 494 863 673
863 901 1028 765 995 765
233 37 863 901 123 940
233 172 863 901 590 940
219 172 863 901 590 940
62 863 594 581 963 636
269 863 608 628 963 636
593 2 949 903 269 863
172 1029 804 820 172 863 244
906 610 608 863 673 982
682 752 862 517 884 925 863 907
172 172 863 901
62 839 280 1030 913 219 863
935 113 913 863 581 1015 590
62 1030 913 891 863 628 673 996
62 935 23 280 863 673 996
935 280 914 863 901 874 915 290 280 191 1017
62 280 1030 913 891 863 901 874 915 303
62 863 280 628 62 863 1031
340 967 934 274 863 973 123
859 220 893 894 231 22 863 232
870 863 1005 862
137 186 863 718 1032
37 280 947 987 130 130 745 863 874
2 934 274 863 672
859 220 893 894 231 22 267 1008
876 1003 899 198 274 863
62 997 963 636 539 863 951
861 22 863 470 734 84
918 3 892 581 717 609
1033 294 3 859 576
376 606 1034 863 899 192 748
876 513 967 606 863 804
37 280 913 130 745 863 147 901
172 233 863 901 123 462 940
186 513 260 280 113 913 976 863
274 863 898 281 686
781 186 863 901 146 882
108 23 280 959 913 1002 863
62 427 863 898 608
948 172 863 901 590 940
269 238 899 993 198 2 863
269 993 198 2 863
859 220 893 894 231 22 863 970 953
517 884 944 863 862 941 762
857 517 884 925 863 574 220 887
857 824 927 884 863 885 430 886 887
857 824 926 884 863 885 430 886 887
186 637 575 863 892 901 123
172 233 863 901 605 1035
754 613 13 1036 899 863
963 37 863 901 123 842
186 280 113 913 426 575 863 901 874
37 247 462 206 863 280 913
269 863 281 923 608 879
606 225 610 899 863 307
37 94 863 979 977 1037
172 587 913 891 863
1038 327 172 1002 863 280 191 1039 913
672 674 863 644
22 863 223 253 574
857 824 1025 884 432 863 885 430 886 887
269 863 973 146 882
857 862 517 1040 427 859 905 430 886 887
857 862 517 1040 427 859 430 886 887
517 969 427 859 862 191 231
517 969 427 859 905 862 191 231
857 824 517 884 295 863 885 430 886 887
857 824 884 946 863 885 430 886 887
857 824 927 884 928 863 885 430 886 887
239 759 1041 800 862 3 859
22 368 574 220
37 37 863 369 745 914 466 956 792
606 647 235 995 863 899 765
606 863 899 192 606 613 132 1017
900 875 606 899 37 172 863
269 863 281 608 754 628 707
108 233 863 901 686 940
172 233 863 901 123 940
37 863 901 711 955
863 901 977 1042 783 611
108 172 822 863 901
172 233 863 901 611 955
62 682 1043 606 899 863
108 280 913 987 368 745 863 901
108 280 913 368 745 863 901
108 682 898 280 959 913 781 863
900 875 606 37 863 280 560 899 956 863
37 280 863 901 716 147
37 280 913 233 863 147 901 154 955
108 233 863 901 62 154 228 940
108 233 863 901 62 154 1010
108 37 863 901 972 977
908 269 233 863 901 406 728
37 62 233 863 901 715 940
172 219 863 901 123 22 940
274 233 863 258 274 217
39 1044 594 863 280
513 253 967 606 274 863
824 1025 884 432 863 885 430 886 887
37 863 901 123 1045 628
108 815 804 108 576 881 1006
172 863 901 813 590
924 962 628 37 863 901 763 977
108 280 913 328 575 863 369 901
108 280 913 470 575 863 369 901
108 280 913 462 575 863 369 901
108 23 280 959 575 863 1046 909 919
1046 909 919 108 23 280 959 575 863
37 682 513 862 147 587 913 863
61 23 280 575 863 901 590
61 23 280 575 863 901 592 590
172 62 233 863 901 940 940
37 62 233 863 901 33 940 940
269 233 863 901 869 940
269 863 281 1003 686 594 255
37 233 863 901 590 940
62 863 1003 792
274 815 842 1047 198
186 759 1048 594 186 522 961 280 863
233 863 892 581 758 717 628
902 707 863 628
593 422 198 274 863
37 23 280 1013 913 863 576 881 610 590
37 280 913 863 192 280 515 913
37 280 913 987 745 863 874 975
37 280 913 219 863 147 901 874 915
948 172 863 901 123 470 940
62 863 898 911 902 1011
269 233 863 901 728
274 233 863 901 686 940 921 863 901 686 940
274 233 863 901 611 513 1005 716
274 921 863 901 863 280 611 780
913 62 863 280 1035
62 280 913 781 863 369 901 874 915
172 891 863 901 777
172 441 280 891 863 901 1037 882
233 37 62 863 979 123 940
233 172 62 863 979 123 940
682 862 517 884 863
859 220 893 894 231 22 1049 1008
857 517 1040 427 859 905 574 220 887
606 715 863 899 515
274 815 765 1050 516 765
454 863 901 758 234 686 1051
280 673 172 948 863 901 789
606 215 62 863 280 191 1004 172 394 235
606 172 955 863 901
219 901 783 39 863 1052 903
1053 1054 172 1055 863 901 954 955 762
108 863 901 146 121
62 606 172 863 901 608 1054 956 1056 394 1032
900 606 899 172 863
172 219 863 901 981 913 546 716 87 971
172 280 575 863 781 901 913 509
172 280 114 913 1057 713 745 863 1019 707 913
172 280 988 913 863 1019 707 913
172 280 114 913 1057 713 745 863 369 901
172 280 988 913 863 369 901
172 781 863 901 913 509 716
172 233 863 901 123 86 940
172 219 863 901 123 77 940
172 948 863 901 913 716
37 233 863 901 123 940
62 863 842 1058 192
269 863 281 877 807
269 255 863 901 593 716
269 233 863 901 971
172 863 901 605 154 955
62 863 280 39
172 233 863 901 972 123 955 818
172 233 863 901 955
172 513 280 863 913 1059 745 33
172 513 247 863 280
172 233 863 901 972 154 955
935 233 863 901 123 940
935 219 863 901 123 940
935 948 863 901 123 940
935 936 62 233 863 901 917 610
682 88 863 892 581
958 269 863 901 999 688
62 863 62 107 919
269 863 281 686
781 37 863 901 123 940
62 863 1003 578
2 593 949 269 863
2 593 903 198 269 863
682 441 862 907 884 863
863 714 711 146 971
713 716 863 862 762 1060
62 1030 913 891 863
924 1045 172 863 901 977
454 863 280 996 611
172 863 644 536 777
37 62 233 863 901 940
828 39 933 758 172 863
857 862 517 1061 427 859 905 430 687 887
857 862 517 1061 427 859 430 687 887
172 233 863 901 610 611 1062 940
62 935 23 280 863
857 824 722 884 928 863 885 430 886 887
517 884 925 863 941 762
857 824 897 884 295 863 885 430 886 887
859 220 893 894 231 22 267 932
857 517 860 687 231
172 62 233 863 917 981 913 716 147
274 805 624 600 862 198 863
62 280 114 913 406 863
1022 23 280 913 863
274 233 863 281 608
628 490 430 39 606 899 863 1063
857 1027 884 295 863 745 655 887
926 884 928 863 890 574 655 887
109 289 899 963 863 1058 842 484
62 863 672 1064 1065 1066 995
280 913 1059 947 745 863 369 901
172 863 280 1019 707 913 192 576 913
274 863 281 1003 686
108 280 959 575 863
172 180 863 280
513 968 967 606 274 863
950 951 806 903 913 863
859 220 893 894 231 22 931 1008
952 517 427 859 905 862 191 231
952 517 427 859 862 191 231
857 517 1040 427 859 574 220 887
625 1067 785 820
862 786 231 1060
62 863 281 628 842
269 863 980 869 982
269 233 863 901 971 611
545 108 37 863
88 863 941 581 717 628
682 907 88 863 874 609
269 233 863 901 882
62 863 264 842
859 220 893 894 231 22 1049 932
172 280 913 863 192 280 197 988 913
721 673 1051 269 863 901 999 688
688 62 863 280 207 754
1068 1069 62 863 762 248 916 1048 768
62 863 23 628 62 842 306
62 280 913 130 745 863 369 901
900 875 606 899 172 37 863
804 628 108 815 516
108 997 108 863 901 1070 1056 146 688
857 517 1061 427 859 905 574 220 887
857 517 1061 427 859 574 220 887
517 884 929 863 862 941 762
844 863 280 23 1011 844 1044
108 37 23 280 863
37 280 913 987 130 745 863 147 901
274 863 923 281 686
62 504 244 186 863 1071
913 891 863 807
876 906 198 274 863
517 884 929 863 574 887
926 884 928 863 745 655 430 886 887
857 517 884 929 863 574 231
857 926 884 928 863 745 655 887
951 1072 385 1035
274 1002 863 281 1003 608
924 876 676 863 628
948 37 863 901 611 940
233 172 863 901 611 940
948 172 863 901 611 940
682 862 907 884 863
62 863 628 963 636 1053
948 37 863 901 123 940
948 172 863 901 123 50 940
98 451 60 242 274
478 773 1073 1074 244
494 524 558 265
494 106 524 307 999 470
750 1075 675 98 1076 1077 814
1078 1073 1079
543
1073 1080 466 1081
2 1082 1080 238 524
793 720 572
1083 453 517 1073
8 568 195 1084 1073 489 571 193
517 195 1084 489 34
722 195 1084 489 34
1073 215 1085 721 1080 759
478 122 1074 613 408 478 1073 1086
1073 243 513 748
274 1087 451 60 490
250 274 1088 1089
614 1090
1073 852
813 1091
8 524 132 1080 1074
517 268 1092 1073 1074
478 1074 243 385 748
1073 478 1093
478 1073 1066 177 731
1073 1094 157 661 603
8 195 1084 489 34
8 2 1080 1095 299
77 444 586 378 1073 664
1096 451 38 1097 833
349 274 1098 1099
1100 2 413 497 1101
8 846 1073 613 41
39 846 1073 960 1102 371
204 326 228 242
532 1103 1104 1105
1106 1073 1107
1080 1095 964 1108 1073 524 1109 804
486 423 784 274 625
274 1110 1111 524 357 821
87 478 1092
21
38 1073 478 1112
195 1084 489 623
478 451 1113
1054 672 524 1114 2
274 188 1092 739 1115
451 1089 60
41 8 383 38
274 272 1088 1116 1077
222 370 134 1109 1103
182 74 524
206 274 550
108 984 1117
1082 530
614 1078 1106 1073 1107 571 513 253 733 569
545 1080 304 563 486 1073 516
8 188 1073
1073 1001 486 603 425
2 524 96 2 562
274 35 1110 1111 672 524 1118 613
1113 1119 350 594 1073 822
524 1073 243 125 273
1100 1120 2 413 497 1101
1106 1073 1107 571 179 440
623 179 1106 1073 489 148 440
78 962 964 1108 1073 804
443 1121 720 1113 764 1122
38 274 13 1123 1124 1125 60
8 2 1080 1095 771
376 1073 1074 833 1126
2 99 1113
1073 409 532 1127 1078
274 124 1128 524 1028
478 1080 1129 751 590 1048
478 773 2 1113 1073 524 613
478 1113 469 462
1106 1073 1107 571 242
423 2 1113 423 274
80 524 1130 1091 845
204 833 376 451
691 2 833 1074
865 274 1110 1111 1074 2 1094 703
865 274 268 1073 1074
494 1073 1074 833 423
614 1078 1106 1073 1107 571 632 633 247
524 625 563 147 720 625
720 583 236
357 226 614 1078 626
545 1131 1132
1120 759 793 1133
377 1134 173 326 720
489 126 1130 1074 579 71
1135 94 1076 448 519 681
274 850 1081 1136 1092 1116 1073
545 1092 274 1137
1127 2 1092 274 1092
274 672 524 1110 1111 577
478 1138 188
98 451 60 809 472
1080 1020 1139 1073
524 1140 721 1141
257 274 454 577
108 1073 271 744
532 1073 108 201 1127
1073 494 49 1142 650 347
204 833 1143 766 462 376 451
8 274 1144 188 274 1102
833 274 1076 38 1117 1097
2 219 1074 73 539
376 1113 1145 1146
1147 1148 1082 1078 1073
11 1073 252 273
720 486 98 1149 451
122 274 1123 1124 1125 749
376 1073 1074 947 73 124
490 274 1087 451 60
274 192 274 1092 1073 2
1073 41 1150 274 1076
490 1135 1076 833
451 1092 1151 1103
524 23 189 958 274
853 1084 489 669 239
614 1078 563
1073 1080 852
274 672 524 454 122 577 453
478 1080 501 1113 744 835 238
623 179 1106 1073 489
162 526 1152 1073 1147
614 1078 1106 1073 1107 571
470 586 1153 549 247
1073 1066 177 731 707 521
2 180 2 1113 1138 1154
376 124 1144 646 1074
1139 8 122 494 451 60
250 274 1088 1089 1155
1147 404 462 1156 1073
526 524 833 57 1074
1106 489 470 33 148 247
964 1108 1073 804 404 571
1157 177 1113 1158
675 545 1080 304 563
486 1154 1018 1073
478 1113 1082 504 1146
8 524 846 613
833 376 451 816 1092
274 610 498 1116 1113
793 1133 274 1098 1099
8 274 1159 126 453
109 126 2 1113 545 1092
524 238 806 96 943
426 208 1127
1074 833 1160 1074 765
524 625 304 563 524 583
2 1113 47 525
274 204 451 749 242
865 2 1073 1094
1161 650 1085 524 76
1073 274 451 1077 814 816
269 427 690 1073 651 613
39 690 243 524
1054 672 524 1114
1154 1162 1100 1120 1052
478 1074 1154 524 1074 1163 1164
454 329 552
274 1127 236 2 1092
274 1123 1124 13 451 749
614 1078 1106 1073 1107 546
494 35 204 122 524 192
1074 1145 967 543 1092
1083 532 1073 2 1113 1105
21 1099 1078 1092 777
1165 525 247
1130 524 370 1009
274 522 524 1110 610
517 478 1092 1074 779
57 1074 833
1106 1073 1107 571 549
1073 125 137 1074 1145
524 41 8 383 38
2 1113 47 1073 525 173
1073 1074 833 498 1143
376 817 183 712 931 1073 1092
532 1103 1094 422 1073 1094 1105
274 672 524 613 366
2 1113 274 451 1133
750 1075 267 545 1080
38 274 451 177 1100 244
1073 594 486 1080 137
274 1110 1111 577 672 524
517 478 1113 721 1138 1166
196 1099 1167
833 62 1073 1167
349 274 1098 1099 1088
443 427 1074 1066 90
1168 35 38 573 1099 34
1016 204 1169 465 1148
526 1051 1170 561
623 1089
469 410 1171 1077
147 197 1124 1102
431 453 639
1135 1136 1134
399 1168 573 1172 91
517 1173 1174 23
1083 124 1127 1175 1009
1157 875 613 1132 1083
2 418 1176 1102 413
1157 1085 679 1177 192 1157
1127 1173 1174 528 250
1127 167 228 189 1000 1103 1081
486 216
1178 216 526 1156
1076 452 1077 1131 569
721 1076 1171 1077 227 243 681
38 1157 573 91 1179
2 658 451 1171 1077
250 1049 1099 227 573 1168 365
784 751 1180 4
1169 795 418 1176 1164
650 83
486 1133 1137 635 1181
1182 1079 1182 109 1183 451 698
1157 419 1124 1102 1112 698
1184 1185 1125 34
1127 1151 38 1127
1127 1186 1187 263
1178 1092 1091
1127 1188 77 741 168
1127 189 1189 451
204 386 1127 633 178
850 216 124 1127 1175 1009 1051
1179 279 192 748 829 35
1127 1190 1120 1103 192
1127 1096 1191 485
1096 1191
1192 1193 1194 623 1077
189 515 1125 1150 1195 1157
888 1176 73 1021 514
1173 1174 466 1128 99
1139 1196 1197 765
229 1198 1191 484
1178 1092 1199 1187 1200
486 1201 526 513 594
1077 91 1157 34
8 1157 372 1102 1102 34
38 386 1127 633 271
1157 1171 1077 194 160
397 1202 1102 338 719 772 1102
675 454 451 1057 73 1077
20 1127 561 1203 1039
204 1127 1189 1204 1205
1169 858 418 1176 1164
1169 1206 418 1176 1164
517 1127 1181 33 1126
1162 204 1127 701 1196 175
1162 204 1127 701 1196
204 1127 1207 765 1186 425 1086
517 1127 1208 1209 675
517 1127 339 1209
750 793 1133 517
517 1127 146 1209
1049 1157 227 642
38 451 749 1168 1179
750 853 2 1080 1210
1168 532
434 721 1149 1157 41
674 173 1198 1211 1199 1200
557 1212 1176 21 1212
204 1161 1077 1094 498
8 2 1213 741
8 2 1213 109 126 242
1214 451 38 1171 1077 741
38 451 749 1215 160
1216 1217 1177 1171 1077 194 633 560
1076 1218 1171 1077 192
204 1049 1127 1203 498
204 1219 1220 1127 423 801
1221 1203 1127 247
204 1127 633 646 384 261
1222 204 1223 1224 1077 1225
675 1226 451 204 1223 1224 1077 1225
1227 451 204 1223 1224 1077 1225
1192 1228 1229 451 204 1223 1102 1077 748 829
21 451 204 1230 1224 1077 1225
162
1127 702 1147 83 1231
1127 228 1191 216
229 1162 1154 1127 1198 1191 1024
1162 204 1127 701 1196 105
21 451 38 1171 1232 1089 1077 1225
38 2 451 749 35
38 2 1149 451 34
38 2 270 451
12 199 1216 194 158
1049 1221 633 641 408 1223
1049 1203 633 1163 187
1222 1109 1102 1233 1225
41 457 1234 1176 960
1127 1235
1179 35 192 1099 34
724 204 1234 1102 1236 1120
1061 1127 124 1189 91
1083 812 1157 1171 1232 1089 1094 954 779
1161 1062 451 1237 1184 535 1092
1238 486 1127 1238 189 1148
486 216 526 1156 1189 178
2 1092 274 1127 1092
21 38 1127 633 569
173 1049 1088 1188 749
1077 203 535 1157 425 250
1214 451 227 1171 1077
1077 203 535 451 425
2 1092 201 274 1127
204 739 1157 1077 452 633 646 845
204 739 1157 1077 1120 633 646 887
1016 204 739 1077 1225
204 1127 633 513 889
1049 38 1127 1077 1120 633 646 887
204 1049 1127 633 522 832 261
21 1239 1240 1120 1091 256
1127 1127 23
38 1171 1077 192 748 829
1128 273 555 180
803 451 204 1233 1077 1225
451 204 1233 1077 1225
471 451 204 1233 1077 1225
1192 1226 451 204 1233 1232 748 829
1216 1217 1236 633 261
1179 38 1171 1232 1077 1225
1168 38 1171 1077 231
1209 575 177 1187 121
182 451 1171 1232 748
1177 194 1171 1232 1089 231
38 1223 1224 1077 1225
1241 451 38 1077 1225
1241 451 38 1204 1205
199 1216 1171 1077 194
204 1127 1077 534 642
1062 1157 1237 535 1092 613
1177 194 1171 1077 231
1177 194 1171 1077 613
1242 1171 1232 192 231
1168 204 451 1171 1232 1089 231
182 451 204 1171 1232 748
1177 194 204 1171 1232 1089 748 231
21 1229 451 204 1223 1224 1077 1225
204 1223 1224 1077 1225
1241 451 204 1223 1224 1077 1225
1241 451 204 1204 1205 1077 1225
451 204 1223 1224 1077 1225
1243 451 204 1223 1224 1077 748 829
535 1157 204 1161
1083 1171 1077 18 1203 1127 1173
250 535 1157 1167
1157 1171 1077 613 1083
204 357 1173 1174 821
1083 246 204 1171 1077 1070
1239 1154 189 1244 1127
1127 1091 1186 1245
1178 1147 189 1203 1238 350
1189 1223 1224 577 1162 216
767 35 38 1171 1077 833 90
767 773 1246 1203 1247 90
1127 633 1094 157 590
1058 1082 1127 770 845
1041 1099 227 1170 273 573 1179 681
1127 1190 1092 1203
1214 451 204 1247 1225
675 1127 513 968 452 633
1179 1223 1224 633 1158
675 204 1127 633 178 28
623 1248 1176 960 1102
1171 1077 1249 814 249
1168 1179 1233 1120 178 28
658 451 204 1077 1225
1049 522 832 1127 633
38 21 1127 452 633
579 33 1124 1102
1214 451 204 1233 1077 1225
1242 1223 1224 1077 633 1158
675 1127 633 178 28
2 658 451 204 1233 1077 1225
1083 1127 498
623 1157 444 1102
1219 739 1127 633 1089 90 1250 845
1219 690 739 1127 633 1089 90 1250 845
189 273 1195 1157
21 1178 1240 1120 1127 486 1127
167 228 189 1191
204 164 1127 1120 1112 242
526 1051 561
38 1157 440 187
1171 1077 1179 573
1234 1236 1203 633 201
38 1215 35 1077 431
1177 194 637 490 1171 1077 613
21 451 1171 1077 409 1102
38 1233 1120 1168 1179 1232 479 1251
1157 1171 1077 1249 1251
502 1234 1176 453 1231 744 1201
1178 1120 448
1127 1252 1160 1253 1045
38 1171 1077 194 1120 178 28
204 1223 1102 1236
1171 1077 1146 103
38 1127 633 1094
38 164 1127 247
1049 38 1127 633 560
204 224 1203 602 1203
675 451 38 1233 1077 1225
557 1212 1176 177 204 1127 1089
568 8 2 1080 1095 180
1077 1157 440 1131
1178 526 189 337 1077 1225
204 1161 1077 1094 498 769
1254 1127 124 1091 1048 1092 1167
8 2 451 1213 34 1182
38 2 451 1144 501 33
1171 1232 1089 829
675 1223 1102 1077 748 829
1171 1077 194 1150
845 1088 1080 448 60
1239 1171 1077 1249 1052
204 1127 637 261 633
1227 451 204 1233 1077 1225
1179 1218 1171 1077 192
1168 1179 773 1246 1203 90
623 635 1091 555 569
805 1127 1094 33
1178 1240 1120 1196 84
1157 1171 1077 1246 1203
21 1226 451 204 1223 1224 1077 1225
2 658 451 204 1223 1102 1077 1225
157 781 1138 717 1102
204 1157 1171 1077 646 887
1168 1179 337 1077 1052 148
1083 38 1171 1077 646
1083 157 781 1138 717 1102
1193 1223 1224 1077 1225
2 658 451 1223 1102 1225
1083 38 1157 1171 1232 1089 812 646
471 451 204 1077 1225
1168 1179 337 1077 148
1171 1077 243 1124 1097 833
1083 187 1171 1077 183
1083 244 1157 1171 1077 1246 1203
1083 204 1157 1171 1232 1089 646 887
1168 1179 204 337 1077 1052 148
1083 38 1157 1171 1232 1089 812
1242 204 742 1223 1224
675 1117 1127 452 633 968 261
38 1157 1144 1102
1154 1208 513 1191 192
1080 78 1095 522 961 180
1168 1179 1233 1120 1251
1203 1234 1236 1203
1189 419 1102 1203 1120
1214 91 1118 504
1179 1168 1233 558 1196
188 126 1127 436 819 1157 476
1179 1168 1233 558 1179 1196
675 1254 1127 1094 579
1162 204 1127 701 1196 364
1183 451 204 1233 1077 748 829
1192 1228 1229 451 204 1233 1232 748 829
20 451 204 1233 1077 1225
888 451 204 1233 1077 1225
164 970 1125 86 1102 1077
21 38 1127 1120 1112 242 1255
451 229 121 229 209
86 1157 1256 1049 192
273 1188 1235 1247
1179 1157 1077 1203
204 1049 1127 214
486 1154 189 1012 1127 1173 516 1126
1168 1179 1157 1146 1159 1103
1041 1134 1237 1157 1124
20 204 1077 1102 1120 1112
1049 1088 1211 121 1120 260 633
490 204 1221 1127 243
20 38 1127 513 260 261
1049 517 1088 1211 121 1120 513 633
99 1193 40
1120 1201 1169 522 247
1257 1203 1224
204 20 1127 1207 765 1058 484
679 1177 192 812 1125
486 1154 1203 1091 1191 216
1127 1207 1186 425 1086
1168 1179 573 34 193
486 189 294 178 1127
658 451 1134 741
1049 613 1172 1134 930
392 1208 67 1242 1089
453 204 1223 1102 1120 1112
38 1175 1203 1220 930 633 201 1127
38 1223 1077 1225
451 1171 1077 637 633
451 38 1171 1232 1089 1077 1225
201 1171 1077 1147 1258 765
38 739 1157 1234 1077 1236 180
164 1127 452 824 1189
1172 1196 1139 957 1034
1179 38 1171 1077 279 192
469 410 1085 1171 1077 1120
1099 227 573 1092 1168
1242 38 1171 1232 1218 192
1203 1147 1171 1077 833
1203 1127 1174 1173 1245
1178 1203 201 1157 1171 1077
1076 1171 1077 194 681
1127 1190 1103 484
1127 1091 1191 1126
22 669 1150 451 1021 21 451 194
38 1102 1231 4
1099 227 204 1168 573 91
204 675 1169 646 1164
471 1169 465 646 261
1103 1259 1260 177 1103 448 1071 836
1091 1103 1126 518 702
204 1127 200 1261 765
767 1171 1077 613 690
1063 1133
1049 1127 633 522 440 187
1171 1077 1203 1147 1166
1083 428 804 386 1099
701 1171 1077 1216 1217 605 1251
38 386 1127 633 613
1090 204 1171 1077 1077
1090 451 204 1171 1232 1089 748
20 38 1127 633 452 327 404
594 1171 1077 1157 1034 91
1061 1127 1203 633 1163 187
1090 38 1171 1232 1089 748 969
1049 204 1127 1203 35
1220 1127 759 607 1043 1034
1230 385 1127 1262 808
1177 194 1157 1091
594 1257 1203 451
1157 1065 431 81 833
1171 1077 758 1157 194 1159 633
1168 337 1077 522 771
21 1120 646 758 1000 1213
21 1088 1230 1205 1127
486 1154 1171 1077 833 273
724 204 1223 1224 522
1243 1134 1165 577 1136
1179 1171 1077 1131 180 147
675 1254 1127 633 384 261
38 1157 1171 1077 1189 1154
535 1157 204 1161 1077 1094 498
451 1171 1077 1207 765
417 1186 1187
2 1248 1176 514 1248 1229
273 1188 1235 978 1247
1005 1171 1077 1154 1162
1162 1154 277 484
517 1127 182 1209
681 1083 1127 759 96
164 1127 633 1094 779
1083 1085 1127 1255
21 204 739 1157 1230 1102 1120 1203
1178 201 1211 121 1120
1222 204 1233 1077 1225
1179 204 1204 1205 1225
675 454 451 1057 1077
1168 1179 1233 1249 814 1251
1127 633 513 1005 560
1178 201 1211 121 1120 1109 1263 479
1203 452 633 103 1247 1179
1242 204 1204 1205 1077 1225
1242 204 1233 1077 1225
675 1088 1211 121 1109 479 1263
1168 227 814 1127 573
1041 1099 227 1170 573 1179 681
1192 1228 1229 451 1150
1248 1176 960 1102
1125 1192 1228 1215 381 2
2 1183 451 577 1184 1204 1205
2 658 451 773 1246 1203 1247 90
204 1127 452 633 522 832 261
38 1127 1178 1240 1120 1196 84
1178 339 1162 373 1213 1231
1242 1223 1224 244 1223
623 1157 1171 1077 1233 1225
1127 1190 38 1171 1077 1189
1168 1179 426 208 1194
2 1183 38 1204 1205
1214 204 1204 1205 1077
182 451 204 1077 1225
1179 1168 1233 972 1251
2 1183 451 204 1204 1205 1077 1225
502 451 204 1204 1205 1077 1225
451 204 1184 1204 1205 887
1214 451 204 1204 1205 1077 1225
1192 1176 204 1204 1205 1077 1225
2 658 451 204 1204 1205 1077 1225
2 351 451 204 1204 1205 1077 1225
277 517 310 1264 573 131
277 547
614 226
259 1265 1266 1267
310
8 310 1264 573 131
958 155 506 33
277 401
277 678 972
545 489 1268 1269 1223
413 1270
1271 310 483 310 1266 540
679 1264 827 1168 193
1270 99 261
1272 495 350
1268 1269 1207 462 1133
998 401 33
1269 33 1032 401
712 401 1273 462
486 259 401 1267 1274
401 1275 1269 1126
1263 1141 1276 1091
513 547 21
1156 1147
2 503 442 188 569
809
1248 1277 1278 401
189 1248 1260 401
33 484 493 310
1279 366 306 1156 350
517 310 1264 573 131
1280 486 1281 1195
8 310 510 239 545 826 277
679 1264 513 827 193
563 404 401 144 528
486 153 189 1274 1282
277 160
401 1263 1283 168
1281 1284 1268 1269
63 427 766 823
189 332 1156 6
401 1275 510 1260 1126
449 1252 1137 189 1115
486 151 1055 401
486 1272 1250 816 1252
563 1285 401 41
1271 486 310 1286
259 1133 503 1282 350
486 1281 510 540
401 1286 33 760
1277 294 1160 1045
967 486 490 310 350
569 229 192
486 310 1207 1287 1133
46 1281 753
277 151 1156 598 1115
259 1156 510 1080
8 650 951 357 259
1272 671 200 1245
401 1269 640 1288 1289
1272 1252 1137 189 350
46 486 310 484
1281 486 189 401 1244 1273
1260 401 350 1238 1200
1260 421 1156 1200 47
153 1290 460 495
1270 1258 1197
401 189 1199 525 1200
153 1291 1292
503 1293 1282 442 87
1267 401 484
376 162 33 23
1293 401 1207 1023 1294
449 1207 1032 1238 1200
1199 401 996 1103 1200
1260 1276 1223 1258 765
401 1277 1252 460
277 486 153 401 1267 1207 765
401 350 1295 1267 1261
189 1260 310 1238
1272 1023 1128 148 363 1128
189 1260 401 1103 364
328 480 379 1296
1267 1265 401 321
401 816 1292 1265 1287
153 480 1291 1289
310 1296 1293
158 1292
401 33
1290 355 408
153 332 401 1291
486 1154 1252
486 1154 350 1290
153 401 1291 256 1267
1280 486 1154 153 503 1282 1274
798 526 215 1156
8 310 510 239 545 826
177 401 816
401 1296 1147 189 1055
1272 816 1297 493 495
1126 1156 493
401 1273 501 1141 1289
401 1273 457 1287
422 503 377 1298 1202
486 1284 503
401 1087 1200 1147 1055
421 1272 1115 765
401 1269 640 1288 765
1276 1032 1238 1200
563 401 857 487
277 1298 1202 160
548 189 256 190
486 1281 816
1264 827 193 821
310 510 239 545 826
847 413 200 1274
1281 401 510 1252 1286
563 525
177 449 1252
277 517 310 1264 573 1299
1280 486 1281 189 350 401
2 1080 78 614 1080 78 1095
486 483
401 153 1238
1271 401 1286 516 671
1170 784 115
153 449 1238 765 1052
189 510 175 310 1119
843 719
712 1276 1119 1261
401 1115 1266 1262
563 401 1277 41
816 1252 1300 495 712
503 215 151
1293 481 1045
189 175 401 1234 1275
277 1115 1080 1296 1293
1281 486 1272 1274 1270 1154
264 33 516
151 1260 1156 373 1301
1290 843 1258 1250 1252
1182 189
1276 1119 656 816 506
637 8 310 510 239 545 826
259 153 401 1291 1267
449 1253 712 1276
1302 1303
148 830
43 43 250
753 8 733 180
312
535 464 569
1304
1305 1304 489 744
1304 189 1306
357 573
809 472
1283 85 1307 254
1305 1308 153 163 1309 1306
1310 1309 215 256 1306
1311 1304
1312 1305 1308 153 163 1309 1306
404
318 553 1142
1283 85 254
1305 1313 552 17
1308
503 33 497 1101 738
1304 705 1243 1095
1314 516 374 569
1315 1316 1317
183 1318 1309
1312 1319 1320 1321
1322 1316 847
8 1310 1323 256
1306 1311 1324
1305 1318 1303
1320 1325 1313 1303
675 434 144 710 271
230 314 1308
535 8 1322 710 1060
1319 1326
22 197 964
1311 1327 1309 1295
1307 505
1313 552 17 1278
230 189 1328
675 1329 1304
1319 197 1117 13 1306 1308
573 197 1327 1153 1323
8 1330 591 1139
269 1313 1302
462 10 1329
235 143
1318 1085 1324
57
497 1101
1309 1318 1303 1295 1306
1305 1308 1323 1327 153
312 1316
1312 1319 197 1117 13 552 41
1324 262 1302 1306
1312 1319 1117 13 552 41
573 1327 1153 1323
161 272 1142
1315 1317
1328 144 1330 830 1122
1323 1331 1306 1322
1327 1322 1323 573
411 1322 1313 119
1181 1316
1312 411 1322 1313 119
1304 1330 1332
1305 1318 1306 1327 1304
1309 1261 1323 813
1315 1310 1331
33 1328 1283 1333
1305 43 43
462 529 1309
1325 387 1334 1333 1322 1303
1329 1306 605
1304 966
404 964 230
1305 1332 957 1304
1305 1332 1306
43 43 1331 1321
1325 1334 1333 1322 1303
318 553
1243 1243 990 1335 1255 4
606 600 607 672 1336
865 274 740 1337 660
985 327 845
1338 999 156 909 788
274 1299 600 1014 1339 609
269 427 820 562 603 609
318 606 613 719 603
545 1340 522 608
318 606 126 1036 501 516
1341 1342 628 1343 39 409 434 807
1344 628 41 835 1345 1346
269 402 786 410 266
269 427 269 606 1262 269
318 606 38 939 562 1339 717
793 490 327 1347 192
202 805 106 1348
106 453 1349
174 216 325 347 1350
192 106 252 307
3 1115 1065 198 672
45 642 1294
1083 772 1080 543 1351 224 1352
913 198 898 1344 1353 999 629
1354 274 641
2 211 683 951 672
98 846 669 146 217
898 995 198 1355 207 1036 220
787 217 999 1356 780 686
865 326 1357 576 973
1072 699 608 1153
1229 577 1259 769 703 818
1358 1026 81 431 462 462
246 1001 857 496 801
513 644 645 731
1359 486 1054 98 562 1360 641 1166
1361 60 2 1362 1339 1206
326 1046 1006 1115
39 672 516
1063 1020 84
805 326 628
1363 804 676 1297 1362 34
454 737 169 954 198
84 62 641 791 516
913 1346 545 835 220 184 1050 686
913 824 374 913 824 1059
1364 327 576 198
39 606 1140 580 913
605 919 306 920 909
39 562 575 1300 913
376 641 394
800 1355 844 663 580
800 517 420 600 70 198
99 1365 590
805 204 1365 603
1366 909 804 212 820 1257 132
861 999 1336 872 909
1367 327 2 1368 1294 126 106 1369
80 1080 1 491
1370 1371 1 491 1372 266 220
274 327 1355 198 580 85
507 1075 545 1314 1228
463 985 489 1373 110 434
737 499 648 1001
383 173 669 204 122 591
816 566 111 786 1071
834 1143
786 1 825 841 786
1336 307 123 567 1140
936 997 684 978 194
545 554 804 486 1340 306 98 562 1360
913 593 157 679 590
1374 1375 169 1244 1334
523 1351 548
1036 1350 1376 730 800
1341 523 610 1377
274 463 580 106 758 958
2 463 736 669 809
274 964 646 786 1131
274 225 580 576 673 610 123
1346 1069 383 326 562 605 791
562 791 460 913
108 730 327 238 1378
523 192 106 1301
150 1210 644 1255
188 248 326 916 274 1345 516
108 1018 1046 1067 909 762
545 382 906 1344 1353 1035
513 716 579 121
1093 198 1044 1075 2 999 754 613
76 707 986 903 413
438 146 605
861 594 881 611 672 1122
1379 1279 669 909
106 1229 759
274 3 562 492 1031 758 123
452 497 1380 198
535 951 641 707 656
876 1054 274 562 447
1349 3 720 574 264 1307
909 804 963 636
1046 815 842 371 487
198 222 835 220 184 608
1069 383 876 106 1363
963 684 978 106 556 167 129
454 1042 878 924 608
522 802 1358 1165 231
535 1259 309 1366
98 562 563 126 535 1079 239 714 326
922 1381 805 637 574
1050 856 628 1197 712
1358 1026 81 431 462
796 893 726 1154 453
1046 327 859 641 107 516
562 1360 876 74 619
581 613 245 562 492 641 534 700 516
507 820 174 517 1014 603 609
507 786 600 177 1382
672 1374 1336 872 206 198
1383 692 574 220 909
466 1036 331 1294
519 856 1375 758 1351
45 831 198 441 72 574
1 244 786 35 533 266 216
1079 1029 188 409 871 580
1384 379 1337 198
1383 574 959 198 964
1350 1038 453 431 1380
326 562 603 106 668
794 513 1385 804 1386 91
545 1340 522 889 686
1043 1256 913 1104 882
507 606 527 1065 933 913
963 12 606 707 1036
1338 786 582 318 859 909
1377 1218 1301 529 666
628 1132 644 217
1370 1371 12 1387 192 536
1344 1353 545 382 977 746
198 714 198 1007 591 958
106 628 704 141
269 909 804 820 269 1046 1067 909
1359 1069 991 628 575
536 441 1388 574 220
233 33 1387 220 266
274 1052 1360 1057
2 236 949 266 1036
200 804 1389 91
1344 269 513 1129 602 590
839 1390 1391 714 608 667
2 444 18 78 466 444 672
861 1085 2 394 1029 861 786
562 700 1056 783
338 796 797 453
174 513 577 716 147
876 35 357 327 1366 216
326 606 1363 562 770
876 35 327 1335 1155
1392 1152 533 266 266
1 491 1372 220
267 12 266 1227 671 1393
916 238 266 1370 1371 687
1361 441 35 1 491
1376 730 1355 269 327 1378
918 238 1354 266 1392
562 618 1312 144 1314 1053
2 106 1210 46 1348
8 173 46 1070
2 570 621 1278 1114
989 834 574 786
961 454 198 835 754 686
300 899 993 198 864 859
606 842 410 352 326
1376 1381 865 1064 198
269 513 439 715 198
106 39 606 470 940
963 1359 1065 913 580
186 815 1394 93 792 695
1257 679 601 198 602
568 1380 923 608 1037
447 39 846 684 785
147 1248 727 1351 978
454 865 307 154
172 327 909 559 34
1241 463 158 982 1044
318 527 1115 715 1379 823 755
2 238 177 720 1028
188 248 204 99 600 274 3 169 498 226
1080 1388 420 1118
1355 264 950 951
786 38 939 504 226
796 843 1151 1121 576
865 326 463 757 146 882
630 281 106 600 982
188 865 174 606 132
274 1373 192 641 28 492
712 628 575
1003 1344 1353 545 382 611
606 62 410 920 909
326 1336 951 865 360
805 38 939 751 198
94 531 2 499
454 1345 360 685 618 868 1369
263 330 858 263 554 374 263 1351 826 224 698
1320 1047 70
78 238 1218 576 691
575 613 1300 1039 1363
2 865 644 751 805
861 545 1378 492
522 574 786 1 707
204 605 360 628 619
1375 1069 627 1359 828
750 188 855 2 562 306
1063 1284 842 410 819 560
62 106 39 769 1352 1343
266 554 786 1393
527 1393 450 498 198 1366
1354 736 198 266
624 601 198 602 807
614 46 274 1361 1255 1351 978
463 1043 1355 2 916
73 1395 174 795 338 880
106 453 639 523 666
466 816 1336 964 531
840 937 841
1364 2 1336 1104 971
535 169 157 88 326
2 1396 825 188 560
913 198 927 147 121
39 933 1056 759 1394
39 466 781 991 628 384
486 383 274 106 562 1010
1338 820 1022 1046 1067 909
274 562 544 763 559
1243 990 157 697 578
1358 1026 81 431 462 200
1358 1026 81 431 462 77
1358 1026 81 431 462 86
1358 1026 81 431 462 426
517 545 1166 126 274 1344 132 840
578 1015 198 714 783
865 623 672 882
469 1379 1279 1072
266 376 402 786 854
327 1346 1378 1366
2 431 263 786 1380 717 198 1397 919
207 204 39 562
188 204 274 562 1339
1341 204 679 600 1218
517 1229 1165 786 1368 523
736 165 736 189 1398
545 59 1075 1351 239
923 545 382 198
1399 204 396 98 28
2 1034 535 574 192
37 997 624 600 562 1047 603
900 869 913 198 608
1390 1391 714 686 1005 523
1139 462 970
502 1246 646 647 638
106 409 574 327 576 656
861 594 679 812 34
269 606 647 842 628 763 1253
617 820 204 913 562 603 609
453 38 725 126
156 427 1212 1121 239
1359 828 98 562 1023
871 126 106 326 562
39 606 327 107 306
274 1065 574 576 198
1121 8 939 1382 1365 198
1326 786 11 245 1348 217
148 735 1052
865 1285 274 628 973 955
84 575 628 1343 758 807
1355 1036 848 1366 446
1342 39 628 1343 807 1348
513 1374 1388 1348 274 679
1368 173 641 695 258
991 628 274 326 562
326 754 106
1069 820 106 174 609
2 786 735 274 1345 417
8 2 1357 326 99
922 1381 574 734
217 248 865 1385 1357
809 264 516
597 758 648 570 612 649
794 861 1396 1400 220
794 124 462 943 577
877 578 746 274 217
876 1079 842 843 542 217
861 462 1244 1389 812 91
595 177 916 1366 244
513 849 751 717 609
108 420 600 1014 602
522 883 274 39 628 1285
1395 606 1296 820 576 581
156 1050 610 247
1401 861 295 804 1385 804 916 91
857 1386 812 430 765 887
35 204 1148 130 802
1033 1051 523 1349 239
204 523 1349 154 831
198 714 198 714 408
522 968 262 1072 804 725 793
876 410 581 999 1059
865 341 46 1301 529 482
1359 919 435 1180 306 562
963 169 1359 1347 913
1374 1155 836
2 935 1347 973 988 913
1079 516 766 539 919
454 720 606 225 198
842 460 1336 786 1012
1346 545 835 754 1050 686
463 805 106 326 757 603 661
606 126 1036 501 516
1359 1068 1069 1054 98 562 1360 1166
820 910 1046 1067 909 323
593 787 281 714 590
513 562 714 603
1354 431 1380 1002 717 198 1397 919
1370 1400 220 188 786
1392 428 33 183 666
672 804 582 1342 644 609
523 12 266 1210 46
507 1377 628 1343 1298
326 374 628 515 198
517 1229 666 41 523 1317
1013 806 1161 585
2 143 1 4
1364 1256 2 266
545 1340 711 209 198
274 580 581 146 579
1344 1338 999 156 909
1031 714 35 1015 608 1356 777
274 522 771 327 799 714
724 137 726 845 63
507 568 220 758 879 955
37 1299 600 427 815 1014 1104
39 327 1288 327 1366
269 233 672 1121 263
501 1115 1351 1352
927 327 394 1064 198
507 274 513 776 717 609
963 211 137 186 815 1394 93 508
12 198 192
463 513 326 757 603
1294 782 212 523 1368 630 603
513 776 602 157 133 807
37 338 683 815 603
1389 707 672 1345 954 661
966 628 544 1044
748 1385 804 916 861 672 812 829 845
630 878 1346 610 1044
630 878 628 1052 1044
281 717 198 641 516
198 39 327 198 1036
513 274 628 1343
431 786 173 1337
1344 330 838
21 106 758 748 585
854 892 1206 941 577
1038 1034 409 269 1378
274 786 78 1365 60 99 679
796 554 797 242 603
1129 3 34 35
747 1011 239 1121 855 642 719
2 274 863 198 198
1401 861 1068 1396 825 220 794 188
1075 274 865 1094 579
274 562 217 1004 1053 1390 1391 714 980 608
1344 478 877
535 593 1129 281 608
1338 582 274 106 1014 609
39 606 820 913 562 603 609
169 198 580 409 854
1384 609 8 939 642 1365 198
84 122 188 1370 1371 266
1377 420 600 427 1180 198
1367 327 1355 326 1036 726 137
126 1349 881 799 431 521
217 523 1115
865 326 810 146 679
517 2 1357 628 657
198 1346 835 220 184 1050 686
1038 820 751 609 712
1392 679 600 601 198 602 807
522 637 2 1362 696
454 1042 878 924 686
274 53 198 815
1001 628 1357 1352
217 248 1243 990 1297
606 725 523 824 741
794 1159 862 1118 365
41 8 2 1345 457 1114
267 1014 466 891 169 535 594
1356 578 608 608 1397
628 672 628 1045 447
519 1396 1400 220 801
39 933 240 1056 759 1394
913 1346 835 220 184 1050 686
84 913 641 937 516
1344 1345 877 924 1044
913 842 106 2 562 516
2 3 274 1366 628
707 672 1345 954 661
1386 91 1402 943 848
943 466 133 954 781
1375 1069 627 180
1395 93 441 1256
106 715 570 612 210
682 39 842 562 492 764 265 516
507 1395 1085 73 965
1033 690 857 848 239 263 1154
800 517 2 1387 628 657
562 94 345 603 809 992
1373 869 1356 780 608
217 1051 882 198 783
2 261 793 197 786 77
523 1349 824 167 353
913 862 94 994 62 850
545 575 868 106
198 999 868 913 700
126 574 327 106 601 1339 661
864 267 535 764 1122
1038 999 101 111 909
1039 481 760
1359 1068 1069 517 964 798
1344 1345 877 924 869
522 968 2 1362 696
835 999 608 1369
174 427 753 672 192
274 562 106 603 492 1006
454 382 878 924 1015 686 198
1338 453 122 909 126
513 274 849 751 1015 603
1326 519 1348 469 87
1038 800 819 192 1355
274 861 220 1350 861
595 244 786 126 1115 765
1399 204 396 1345 610
527 859 450 576 913 1366
1389 1402 804 849
1075 462 1389 812 755
1344 443 593 439 1012 831 1093
1344 156 606 820 956 781 1014 603 609
842 1160 1390 1391 714 578 608 667
861 628 723 825 1261 4
502 562 646 647 441 698
1401 861 106 600 1044
951 642 1243 990 1398
682 513 861 220 590
327 188 635 1335 836
402 169 582 197 198
326 1384 963 1384 385
720 461 1338 820 108 327 909
466 94 39 792 603
274 183 410 1218 864
656 479 248 933 707 810 913
875 106 274 169
910 1359 913 707
326 916 991 628 492 1070 1053
39 606 466 1021 39 682
574 192 1244 1 1372
192 987 1365 837 113 913
820 517 1365 609 1382 198
1375 1336 872 909
466 1036 999 331 872 909
804 582 1341 1342 624 600 644 609
1383 460 1357 1398 706 718
517 530 628 41 1341
600 326 1301 515 602 603
274 933 192 621 644 672 951
2 1362 274 535 574 591
522 173 144 1207 785
126 248 707 758 274
274 962 176 178
420 681 1380 1037
1038 126 1380 603
529 453 511 1121 239
84 108 909 820 39
274 1399 605 554 669
420 600 535 607 123
562 94 345 603 809 628 992
794 848 1386 1402 943
12 999 1002 1067 909
562 106 792 791
274 1001 1075 1341 240 709 1301
269 527 983 1250
2 880 1212 639 1301 529
108 466 107 619 718
269 427 805 939 1014 603
1367 327 326 562 38 788
376 1152 963 1359
